,0
0,17.092965492832455
1,17.195468446825494
2,17.264832275249347
3,16.97669897712451
4,16.827728788092397
5,17.04752527572499
6,17.01682742672459
7,16.86708538845693
8,17.09978923085668
9,17.151100642260047
10,17.16738826262078
11,17.244896311913028
12,17.390492430068242
13,17.537410215522957
14,17.725098409070252
15,17.809720869136257
16,17.879891931149526
17,18.090081584998185
18,18.315568048578108
19,18.344920228709565
20,18.512209629006353
21,18.54553126037441
22,18.641050827365202
23,18.653513997457523
24,18.749651650754316
25,18.79600468542237
26,18.74601256004617
27,18.775563600346267
28,18.700923579704405
29,18.5534177584878
30,18.353959378978626
31,17.72086798802619
32,17.784073246616483
33,17.94516566546173
34,18.179119857637403
35,18.55894673706022
36,18.73865298359267
37,19.03927633519191
38,19.118118323786568
39,19.333221124013328
40,19.39756439777071
41,19.334513565010347
42,19.363913053832366
43,19.597570956011687
44,19.787399842412803
45,20.017639424649108
46,20.019716257246863
47,20.257898211443514
48,20.277130470612487
49,20.155197282671065
50,19.942484723349835
51,20.04754733932207
52,20.110003710417285
53,20.176824818846093
54,20.04792404422306
55,20.20171287406667
56,20.087174340294666
57,20.1847129448575
58,20.384228992967245
59,20.655235251603262
60,20.49974824268218
61,20.501206310227325
62,20.650662792737613
63,20.871922664556493
64,20.902240525968917
65,20.920326181798004
66,20.970250009776162
67,21.083877068322455
68,21.14903370412257
69,21.180647701403423
70,21.32231396744591
71,21.30054096418111
72,21.212822217644486
73,21.220272338255608
74,21.2472240576886
75,21.228708057707088
76,21.34893535075267
77,21.318601788399956
78,21.128818987856214
79,20.984327983473936
80,20.849250455303387
81,20.840810989643334
82,20.808547746108005
83,20.766602325283284
84,20.877379386313525
85,20.997047314542026
86,21.124521784179745
87,21.300563275584228
88,21.587293100758842
89,21.724818774518546
90,21.81824085384971
91,21.971232890654097
92,22.26197160397613
93,22.20084039923871
94,22.354655742567342
95,22.582709574183593
96,23.01295413797019
97,23.16158443083838
98,23.304554267198156
99,23.337940691090136
100,23.38613210902603
101,23.577699449881965
102,23.661820142571592
103,23.6137262401798
104,23.504274834291564
105,23.185698662873623
106,23.078034644333798
107,23.066090144954412
108,23.04917141034553
109,22.95084049224343
110,22.880515009968782
111,22.798218366196238
112,22.643289696857057
113,22.74368510172467
114,22.601964441293422
115,22.61056477927997
116,22.549068981361486
117,22.45667109782715
118,22.434956375286202
119,22.507174017898695
120,22.607218530819836
121,22.632931128909906
122,22.605272687543312
123,22.862315895778003
124,22.990139513119857
125,23.12305256783785
126,23.36098859817567
127,23.58574132575788
128,23.697470478630716
129,23.760436125373076
130,23.84057097055962
131,23.93024640886283
132,24.005420606619612
133,24.105324470012658
134,23.923593761612803
135,24.07556016567617
136,24.185778440341
137,24.421647260774225
138,24.55919364486728
139,24.491573253021297
140,24.951133833892452
141,24.968368816972884
142,24.918434699141336
143,25.014979311092247
144,24.975280879907395
145,24.987870804847248
146,24.791415811253792
147,24.65111954973021
148,24.437617817730427
149,23.982758167151392
150,24.04348824647607
151,23.932556140120678
152,24.18414378468659
153,24.935688111199152
154,25.034469319673445
155,24.883167149347937
156,24.884230354246288
157,24.95268814832381
158,24.887200298881798
159,25.03303436190038
160,25.095921983500336
161,25.11415984795308
162,25.249040916381894
163,25.308076211721147
164,25.505682696661918
165,25.831912025335622
166,25.861887919840107
167,25.87311285909028
168,25.794522169633147
169,25.913982142702647
170,26.00761531689011
171,26.50269690583296
172,26.782973564729016
173,27.171228365969256
174,27.086324965762866
175,26.903052121097787
176,26.82160474742565
177,26.480925810395277
178,26.550830265969044
179,26.779075350776186
180,26.80564372108336
181,26.698505512943452
182,26.32533598559754
183,26.286647497933618
184,26.119383201491317
185,26.130209252336194
186,26.13581446961937
187,26.239188629312103
188,26.272577985105666
189,26.383257463666663
190,26.355798667169104
191,26.430971258030905
192,26.39662053712618
193,26.218143242929504
194,26.216278616388635
195,26.33351988457011
196,26.190225082035695
197,26.190045358806348
198,26.302554402219105
199,26.28939767320637
200,26.522724644370623
201,26.568913683667784
202,26.586831456441384
203,26.5970363710623
204,26.8954063658395
205,26.928393587692582
206,26.883002881319634
207,26.744424865708215
208,26.86755131759257
209,26.9725349983724
210,26.815264261402707
211,27.373121675200835
212,27.27338621011553
213,27.43559411032829
214,27.629337375825568
215,27.854233581567488
216,27.906795288670658
217,27.837384031153174
218,27.643191241029673
219,27.520847098936844
220,27.403852550643954
221,27.707818023327746
222,27.794873271184905
223,27.724761648441305
224,27.69195004639363
225,27.982429944950212
226,28.150690260068064
227,28.23432958772047
228,28.10299816399861
229,28.038711921192956
230,27.944516243034677
231,27.964004290491886
232,28.04780027643073
233,28.182979426896864
234,27.942320275292776
235,27.858061398468692
236,27.637541961833037
237,27.32360040404479
238,27.149030923002353
239,27.158502770949713
240,27.10414894262795
241,27.216900345569133
242,27.17699760732968
243,27.167772125512727
244,27.18418843668013
245,27.223529850628026
246,27.512338832754526
247,27.39666596810679
248,27.22246615404
249,27.048063966134716
250,27.130699346885798
251,27.104870299088226
252,27.0686666800815
253,27.11471638811039
254,27.145937197988538
255,27.297678871327385
256,27.402020514251635
257,27.522501111775956
258,27.44895503940722
259,27.68456311876152
260,27.98377136434563
261,28.00177543342872
262,28.019945189726858
263,28.1312258999951
264,28.41348042990389
265,28.45711141457125
266,28.329976002408372
267,28.426074117183585
268,28.543839983491882
269,28.488330905312395
270,28.567837200662105
271,28.609490433560044
272,28.80910367799457
273,28.871699583081618
274,29.084992401216642
275,29.08110568453355
276,29.158460988540234
277,29.209089954313253
278,29.246431264167956
279,29.283125404153683
280,29.290977478997988
281,29.328740904995772
282,29.484516197921025
283,29.695714156857374
284,29.757216578086346
285,29.619643394715464
286,29.594604099111987
287,29.91608316442455
288,29.80689483479721
289,29.997518167756077
290,30.08322036907485
291,29.846371866632403
292,29.629471404101004
293,29.93614112230722
294,29.82984883295356
295,29.9667225712301
296,30.069279849374936
297,30.27924222451257
298,30.405586995246118
299,30.425407794425976
300,30.493255695868648
301,30.66586947677246
302,30.622142257312223
303,30.939855267263408
304,30.893588655087488
305,30.651728443304382
306,30.3296652852011
307,30.215807767399824
308,30.413481773980685
309,30.44338552229639
310,30.42235282146673
311,30.451345299265938
312,30.345417424644676
313,30.37916769343068
314,30.444685024678567
315,30.487042405042764
316,30.63588791930454
317,30.657924174646386
318,30.63761524646825
319,30.88946473820103
320,31.0205305186484
321,31.206145333091985
322,31.616612379555217
323,31.637354472515117
324,31.412377543506196
325,31.451988149217897
326,31.75663046571454
327,31.879484372965603
328,31.671011424605226
329,31.753069780937082
330,32.098833970174205
331,32.28188522543835
332,31.971190557336115
333,31.95427282517475
334,31.793129733563056
335,31.857184439520598
336,31.840635862836294
337,32.03511374967499
338,32.1470314396898
339,32.11750021574447
340,32.10231585609556
341,31.979631272801416
342,32.25146182552581
343,32.49869717601201
344,32.541320008111704
345,32.40508366192259
346,32.318135120732705
347,32.31254742672014
348,32.22017985566966
349,32.18530244983241
350,32.07854041249276
351,31.845598453521255
352,31.797054967881614
353,31.78725356861986
354,31.624659914889392
355,31.5547437035754
356,31.562795405281502
357,31.79641933258225
358,31.58514002970244
359,31.532869751675896
360,31.568759592272098
361,31.622960828277996
362,31.519749864337992
363,31.636096820890796
364,31.601592052724513
