,0
0,13.94515609527605
1,14.200850247546676
2,14.037783045744414
3,14.277626669866097
4,14.35094023725078
5,14.495129295864716
6,14.617418051567453
7,14.610859516360833
8,14.696837499023731
9,14.81955592770381
10,14.890483959424207
11,15.109062542304423
12,14.897983822710113
13,15.331873275839671
14,15.754881303423222
15,15.937242586049363
16,15.288684037152722
17,15.462609949480122
18,15.442450921725692
19,15.69631993351025
20,15.694975864449923
21,15.736818066283202
22,16.1957607988209
23,16.274763507995953
24,16.76580094655721
25,16.63667366130209
26,16.562690670942228
27,16.7062730159373
28,16.808223663942243
29,16.64857613209806
30,16.539592257895123
31,16.437940365077427
32,17.092903419042653
33,17.22887125150094
34,17.44401900552352
35,17.536613622940664
36,17.9735751085695
37,18.441009215417857
38,18.66481251862662
39,19.29005889300293
40,19.569119005897516
41,19.813932995528244
42,20.53068848073226
43,20.94471644563637
44,21.188585448743666
45,21.15235374360531
46,21.789778529850576
47,21.902583414020032
48,21.33709819474923
49,21.15021153861005
50,21.329028320060594
51,20.826125450971897
52,20.86232367583423
53,21.246259326365543
54,21.67509558089086
55,20.793608726086777
56,21.127001308606392
57,21.66472428223308
58,21.653837990153328
59,21.745096090813245
60,21.810849274134245
61,22.057367519393722
62,22.15905488175891
63,21.973583174498863
64,22.470133746361594
65,22.93522557353664
66,22.762889059318795
67,23.40233561123138
68,23.3462832709841
69,23.24022323475015
70,22.881753709289104
71,22.309174525013358
72,22.684155204629942
73,22.454623790478145
74,22.602498214219715
75,22.29550861995953
76,22.985571901213692
77,23.97362504251482
78,25.450435549414262
79,25.908160758924623
80,26.019765815550322
81,26.943901467253358
82,27.935108659796278
83,28.68932719822426
84,29.03779435165455
85,29.730593261856498
86,29.88221911656172
87,29.173196052775882
88,29.33544925685268
89,28.911784334294545
90,28.96369676627912
91,29.286072861831812
92,30.29549332218209
93,31.122108099516577
94,31.394931045289717
95,28.069069033234573
96,29.177011209164252
97,30.131319925375955
98,29.29679470010358
99,28.850097099838504
100,30.28670492054262
101,29.624520095082193
102,29.157392978511876
103,29.386864072980252
104,29.874751688136882
105,30.359349369280636
106,30.755468509816158
107,30.96683984729366
108,28.762510923025815
109,28.706688419753633
110,28.677922557269465
111,28.60331842215235
112,28.257825437962545
113,27.94468717237455
114,27.53727371910858
115,27.692240811622053
116,27.18542933642875
117,27.373187787602767
118,28.424808089077217
119,28.716010689180276
120,28.110454805863494
121,28.052840152407537
122,28.880273128510133
123,28.15498488471415
124,28.60447068081375
125,28.717855314579328
126,29.07423379922257
127,29.328303287186824
128,28.405998883476464
129,27.87764463776102
130,27.762104223797536
131,27.767534476079437
132,27.947502811989114
133,28.62501823785197
134,28.287545862098902
135,28.553953965639572
136,29.103322692270368
137,29.141569394205867
138,28.27661611967714
139,28.26156853054108
140,28.696672707850116
141,28.203745285531124
142,28.528948219098915
143,29.15020041532404
144,29.697045397421835
145,29.14552418031478
146,29.126111061778225
147,29.10800334909452
148,29.147316938504705
149,29.074569229685938
150,28.85550983060858
151,28.396638507815624
152,29.17247355593483
153,29.464780842326245
154,29.74023257830407
155,29.22349841920126
156,29.628529764495173
157,30.020676865477906
158,30.284027254824945
159,31.386943128657034
160,31.244564603099427
161,32.37945153273896
162,33.22059145838802
163,32.453209408150435
164,32.866253921368966
165,32.82579603258364
166,31.955155223967964
167,31.520379751098826
168,31.77976353453639
169,31.563864281121873
170,32.345299670891464
171,32.90516291771698
172,32.64710523552417
173,32.717699550834546
174,32.453406400622605
175,33.37666366338175
176,33.585480910692425
177,34.365684425799735
178,34.39294083713517
179,34.71030859800677
180,34.83225739295845
181,34.623932371807726
182,35.24345250227787
183,35.508483188580755
184,36.689602884044156
185,36.98255898710429
186,36.9185713126407
187,37.207989837824385
188,37.0548134332698
189,36.951464491911935
190,37.773372603818856
191,37.415999114920695
192,37.015254224698324
193,37.324245074105484
194,36.871744900792784
195,34.895718612312955
196,35.088306668598044
197,35.695622949871314
198,34.85373852282532
199,35.36271290619298
200,35.454097004000715
201,35.95409438785109
202,37.06969399941157
203,37.83320484077444
204,38.32246340870812
205,37.44482987192561
206,38.9081999008852
207,39.20143139206908
208,40.06328036158086
209,40.385833412242334
210,41.24986044382087
211,41.06726714995071
212,40.64845451069945
213,40.14212569266601
214,40.80663183860338
215,40.75226996780268
216,41.09857270239492
217,41.06268271138464
218,38.22989676945188
219,39.58609934096622
220,38.41214908601332
221,39.15198681380789
222,38.794418364268985
223,39.07133364891274
224,39.35357974523044
225,37.36115189073554
226,37.52004462811483
227,37.927948432299914
228,37.335406035532344
229,38.54673574127161
230,37.210858110771184
231,36.962832200519976
232,36.16885977785605
233,35.56475032357575
234,36.31525837518411
235,36.91325975318918
236,37.28845717750799
237,37.7338620633472
238,37.39910118811028
239,37.7164679691517
240,37.93172225045024
241,38.62787231681492
242,39.75662339819215
243,39.95575819903645
244,39.268302617446416
245,39.58857132285248
246,39.84577067336722
247,40.706017432811535
248,39.65865598303254
249,39.5981165624972
250,38.58214670847483
251,38.75455653914771
252,38.41876956019411
253,38.137794578967906
254,37.36503759272628
255,37.60048357987692
256,38.23279309959868
257,38.23241549376927
258,38.10827988862763
259,38.201046645075174
260,37.961576795148034
261,37.71987197539232
262,37.859782870073815
263,37.70985346114829
264,37.732377859462346
265,38.508728088010244
266,37.550422865478446
267,37.27933563420429
268,36.99917999506078
269,36.02718602699521
270,36.21658455640645
271,36.20087894669709
272,35.68518424367536
273,36.47448149916326
274,35.58028517177388
275,34.02768767991077
276,33.76288277610838
277,33.35771262550021
278,33.23065498538803
279,32.84336735372969
280,31.6817256777321
281,30.653313953103737
282,30.591216539967654
283,30.853179961248767
284,30.858937758347015
285,30.497576184088626
286,31.230095289765742
287,30.542038636749858
288,30.458107477849712
289,30.201718373985187
290,30.20728523825006
291,30.311244346095258
292,31.561828958235658
293,31.98285841185011
294,32.224783647507735
295,31.48477698869488
296,30.894084093805553
297,31.040404487308383
298,30.744593152617814
299,30.811924237637594
300,31.05276488976865
301,30.920486848744712
302,30.95554185314011
303,29.95209953194502
304,30.694272965265114
305,30.997133077181868
306,30.76024909553935
307,31.215064986704434
308,31.679773620803033
309,32.00672407730783
310,32.01431191499926
311,31.714950813654863
312,31.31372228624559
313,31.306190971764362
314,31.31644973954562
315,32.45584999532698
316,31.914413584829248
317,32.828583311381465
318,31.44987686837128
319,31.900814158211688
320,32.5427258120657
321,32.95872595182948
322,33.18347517960884
323,34.06635783760807
324,33.8259585587375
325,33.6816059513357
326,35.27048691979913
327,35.10380355907725
328,35.568682205156456
329,36.08457240792229
330,36.49015022769546
331,36.20017388496664
332,35.102886760072316
333,36.65936673705928
334,36.638698248751396
335,36.78171111568536
336,36.122178672907026
337,35.833893546517174
338,36.5824207050607
339,37.00707143581285
340,37.60533546885884
341,37.038533310068225
342,37.337570269344596
343,37.06822780191066
344,36.33327514951695
345,35.67307296365921
346,35.43719588267033
347,36.2269229179022
348,36.23327894990253
349,36.162658282307966
350,35.614901023946274
351,35.7467486419876
352,35.46543991544615
353,35.25276963172717
354,34.788863311603535
355,34.83839859578307
356,34.221329998280716
357,34.46745755857722
358,35.332707412154235
359,34.965796922204085
360,35.19177799086166
361,35.61429806700982
362,34.97770826639253
363,35.28439112991032
364,35.51203117413601
