,0
0,3.6988418486829646
1,3.6976627046015396
2,3.672800002004332
3,3.707553807927531
4,3.722095391576236
5,3.729578176645758
6,3.757110750307075
7,3.735958882450395
8,3.757485264916564
9,3.784591107285343
10,3.8791376910380784
11,3.932298174763642
12,4.004460235669283
13,4.0194822448288985
14,4.117359914916554
15,4.155876088104043
16,4.16749865709088
17,4.188685573269348
18,4.154468255114244
19,4.114699346509463
20,4.015270039766241
21,4.036227213283528
22,3.9480955987530906
23,3.9279733561745367
24,3.8925314433421194
25,3.819308856861821
26,3.818448153218663
27,3.718439785494934
28,3.811638536378735
29,3.8661406594888215
30,3.9880651247250327
31,4.128216045339554
32,4.313084555631525
33,4.406271609839669
34,4.5990737199165785
35,4.800736675843113
36,5.016938459605169
37,5.1705985716986875
38,5.261795078920497
39,5.466726918774244
40,5.558096656441892
41,5.636834562115419
42,5.722545583201244
43,5.602138960794071
44,5.586209997267011
45,5.59838765795977
46,5.541717176804626
47,5.372728570522862
48,5.355713518999842
49,5.31986787197976
50,5.331082286531389
51,5.2866885630780205
52,5.3022382292914205
53,5.42238630789532
54,5.415155460783723
55,5.386139970570822
56,5.430349791815977
57,5.350577782389377
58,5.332653029804927
59,5.208101217646317
60,5.036549369567411
61,4.983458144740222
62,4.9041204893099595
63,4.8580730024940335
64,4.784352826999947
65,4.737736825417942
66,4.653017943395094
67,4.5536942687581
68,4.625977907618565
69,4.648321183079132
70,4.6283539241276035
71,4.549135838804192
72,4.46419781214224
73,4.3917165090708234
74,4.241649360883558
75,4.216763988342777
76,4.199912482593176
77,4.191933592559897
78,4.202286061157264
79,4.123549367002122
80,4.087886159956742
81,4.0513885314881755
82,4.0365373997308485
83,4.05323008277771
84,4.151982386367094
85,4.23596224257292
86,4.3857096287813295
87,4.487494397211725
88,4.473938367168944
89,4.430939272541564
90,4.435344142285537
91,4.490165394107382
92,4.564099713796578
93,4.6444842590837405
94,4.731713859590066
95,4.781975386048696
96,4.819607590189492
97,4.987188986534624
98,5.030545997460386
99,5.061673080498163
100,5.117481139793703
101,5.0930848531714314
102,5.109579566733933
103,5.0670722933804395
104,5.086207510625203
105,5.071931247542762
106,5.076245756018904
107,5.116151682694603
108,5.06636191548335
109,5.045272551990121
110,5.143242879531626
111,5.301990205844368
112,5.447614294729901
113,5.544802485835301
114,5.588292507219206
115,5.707160808383141
116,5.8065687435793105
117,5.9171909175120865
118,5.999174338358364
119,6.086488724005124
120,6.125986013573389
121,6.122796223034866
122,6.279609469406783
123,6.24759026354175
124,6.29755641278417
125,6.176196737314756
126,6.206774616506407
127,6.045016060767963
128,6.058289846908423
129,5.947783856055325
130,5.792379290888948
131,5.663546183425395
132,5.493282567377625
133,5.505911120337909
134,5.426510948392473
135,5.308151130904729
136,5.220287222141812
137,5.249902153051269
138,5.186938560021128
139,5.1750599320129
140,5.160116016133218
141,5.125487840739288
142,5.19757175101737
143,5.212558951946784
144,5.343939990452478
145,5.395949138416992
146,5.379569492138235
147,5.321834848892324
148,5.286112530407625
149,5.192022409840096
150,5.183376047340572
151,5.1758519792829505
152,5.1352118336212085
153,5.141028180624842
154,5.102744551779635
155,5.018772535748211
156,5.069018981093203
157,5.078441168429579
158,5.08924087689808
159,5.120730133168853
160,5.2199158599538436
161,5.429933771919599
162,5.513067575362713
163,5.692614986833185
164,5.771637520845475
165,5.907763783432494
166,6.042647634620021
167,6.041096745795015
168,6.032824141577038
169,6.0788947507607975
170,6.153475227826091
171,6.101230512439246
172,6.165498625588145
173,6.1599902295783
174,6.096172766796106
175,6.061721774309167
176,6.093150367666684
177,6.200389238074335
178,6.285069065615845
179,6.409404164200137
180,6.5096460603305815
181,6.626285613597874
182,6.5607189745758445
183,6.715641283044872
184,6.775741966643291
185,6.787251757403107
186,6.85181207269945
187,6.794776959800778
188,6.786737743737886
189,6.976776397130723
190,6.83600059504856
191,6.936594837633753
192,6.939144643903605
193,6.966190967465218
194,6.916747415016722
195,6.93698313494526
196,7.048719676316478
197,7.113975502847252
198,7.211231845994739
199,7.228444841641776
200,7.323173217778835
201,7.3737836264635135
202,7.363647777162304
203,7.433248463270817
204,7.576150856003837
205,7.786988176592208
206,7.934264054363314
207,8.123811723461259
208,8.317077217021389
209,8.466052016067895
210,8.561759120492031
211,8.836417609029994
212,9.07562764324293
213,9.235841383074725
214,9.378682950696335
215,9.333099082448197
216,9.433165590112925
217,9.476286020989827
218,9.455909564179706
219,9.380245991992744
220,9.32992782553032
221,9.252170239471948
222,9.162955510560142
223,9.290898397096784
224,9.415603533723843
225,9.647038451020302
226,9.760434832503138
227,10.100045360807194
228,10.06549790006271
229,10.199173445697598
230,10.366367305616883
231,10.522184261440266
232,10.759654900813985
233,10.66093789434387
234,10.596639505329408
235,10.537164031371981
236,10.452974803617439
237,10.482490635859385
238,10.555310486183613
239,10.509576734071075
240,10.328731244329887
241,10.270537368378795
242,10.229482435265876
243,10.150988387873621
244,10.078638354307678
245,10.13980082232117
246,10.211882511487397
247,10.240313721343533
248,10.357148066515988
249,10.412712875327745
250,10.527355348133678
251,10.453578213914087
252,10.381564525906466
253,10.585472186254743
254,10.762178065028293
255,11.039905046107332
256,10.990131419341646
257,10.76667093800332
258,10.769539471470868
259,10.539495991542694
260,10.46473553170751
261,10.503877394137215
262,10.52327013563636
263,10.45192035368704
264,10.378428135159117
265,10.160477459205385
266,10.116792269558253
267,9.87494391264282
268,9.653807695768354
269,9.423590108324879
270,9.185117219056412
271,8.91060794095768
272,8.915421440520628
273,8.74232640444352
274,8.905628185537003
275,8.838522336907385
276,8.782413199237201
277,8.84127744433927
278,8.934501299169497
279,9.037462492188045
280,9.238843793474285
281,9.381333554697347
282,9.44246480281773
283,9.515106472614162
284,9.572058668841892
285,9.540820736619922
286,9.533600770534358
287,9.658464278275526
288,9.616633341797982
289,9.515107827861046
290,9.460126867496573
291,9.374116155315933
292,9.301011603679887
293,9.166781570367316
294,9.197519622201984
295,9.143341996724594
296,8.963925230490037
297,8.953073189125709
298,8.822751642446299
299,8.649581984316914
300,8.478017627044439
301,8.412350399460724
302,8.287182258061135
303,8.225818956326787
304,8.041141800545144
305,8.114008913760168
306,8.074534307792813
307,8.0323466334511
308,8.07308696857024
309,8.16288711953161
310,8.161210592057731
311,8.107313472910048
312,8.191619913047205
313,8.129408603078998
314,8.2090049489335
315,8.287351515707517
316,8.344342776727245
317,8.173283266201903
318,8.304920051073793
319,8.465132035298776
320,8.554226707529137
321,8.565345353873282
322,8.711490717351909
323,8.839392390482804
324,8.920428969506094
325,9.034529742118725
326,9.096081414311177
327,9.198953893295252
328,9.48245354929152
329,9.841734760115449
330,10.383824172105061
331,10.75459838355137
332,10.89489257151227
333,11.010020654714772
334,11.081760119324827
335,11.16038108478204
336,11.226611096542172
337,11.105690147020894
338,10.958070393055738
339,10.591307323133176
340,10.426195427806707
341,10.385955460587795
342,10.350986571050079
343,10.326685712896055
344,10.326026997828924
345,10.28696761114812
346,10.138274946470222
347,10.29207548774803
348,10.293510071664638
349,10.423958568023057
350,10.430308805238045
351,10.322546564508745
352,10.401360319401636
353,10.25921877212718
354,10.497649950427897
355,10.808724982330302
356,11.006532125378067
357,10.955751508900972
358,11.030611150279197
359,11.064122330599123
360,11.05359963921649
361,10.93601222567851
362,10.797264645067992
363,10.884686416810121
364,10.633696637699815
