,0
0,13.10722773476823
1,12.968516681657063
2,12.697832293549888
3,12.763338100251671
4,12.454023897947787
5,12.106914092981269
6,11.741920578406017
7,11.507650173519934
8,11.291369414863581
9,11.205301666257268
10,11.07541505807243
11,10.869258095170522
12,10.912092747891164
13,10.995302185752061
14,10.997911350199303
15,11.103624042973555
16,11.403878588049247
17,11.867787538940872
18,12.244974507508735
19,11.748311384050373
20,11.891367390990306
21,12.035023328802161
22,12.086335612920138
23,12.513498008501623
24,12.366134425816613
25,12.6433964534535
26,12.551812538396321
27,12.526160369698253
28,12.532844387723609
29,12.80694769213232
30,12.672324975708856
31,12.633706140570403
32,12.48012932099614
33,12.522143146665591
34,12.394219093826957
35,12.266087945310899
36,8.971355023234475
37,8.980621307261726
38,9.093834826125537
39,9.077642238462387
40,8.929690734289261
41,9.086624296198115
42,9.216660839217287
43,9.297268083367536
44,9.466518970775144
45,9.42196456514071
46,9.295842682906889
47,9.205107046126601
48,9.158228912047488
49,11.532393917177478
50,11.558092956664218
51,11.506173265406181
52,11.416660216660121
53,11.512497295842659
54,11.314887780112329
55,11.559840165994151
56,11.265315616899223
57,11.394237034564576
58,11.38348646500517
59,11.254647753420064
60,11.288802655878312
61,11.290164811407905
62,11.48486451131278
63,11.624071000433084
64,11.736855552705592
65,11.770416936616597
66,11.5331273925883
67,11.17939141356723
68,11.212844167364416
69,11.175124710064992
70,11.03241520436635
71,10.933079451290814
72,10.857767100305141
73,10.591225174440835
74,10.472092818849202
75,10.504303082817758
76,10.697347780412978
77,10.83242054875
78,10.776749226119096
79,11.177845832846304
80,10.79874624797371
81,10.79408353368971
82,10.994792958300051
83,11.116955284984384
84,11.362146252667145
85,11.300925277082458
86,11.365813132357962
87,11.465556761788184
88,11.660029631726395
89,11.673439844732526
90,11.826794521254213
91,11.909459476781523
92,11.843944031950235
93,11.929985760803865
94,11.863789692178033
95,11.940170695055317
96,11.851583986987416
97,11.768208743799626
98,11.632860335692962
99,11.772407410516477
100,11.809328572467187
101,12.09626066083616
102,12.555523641392732
103,13.002210147796253
104,12.964100383739845
105,12.179125311719455
106,12.24448962171153
107,12.028726179200076
108,11.865202544033814
109,11.635592462169674
110,11.61228029290045
111,11.450355542836627
112,11.639829117173091
113,11.563096819484171
114,11.524283053778626
115,11.629553338817724
116,11.536773224643158
117,11.588993166808011
118,11.37127752721318
119,11.308971055845662
120,11.21331625110579
121,11.375276317060404
122,11.484428827165146
123,11.670501888435803
124,11.835454039228239
125,12.170323149826622
126,12.419414517255651
127,12.511183479780229
128,12.462314566123759
129,12.941470864300372
130,13.311105124778576
131,13.514310411159698
132,13.807555436301435
133,14.052162891683528
134,14.497480773061406
135,14.605388603417746
136,14.639903499746131
137,15.019468166241248
138,15.182936725246599
139,15.384422874169255
140,15.590103121113394
141,15.724962048860606
142,15.792808146924378
143,16.003747582376693
144,16.01857130877278
145,16.19492369832525
146,16.237282549224872
147,16.21298786859245
148,16.298124462570417
149,16.089579870213306
150,16.07401346374315
151,16.076766664672217
152,16.04745602655993
153,15.977553845755375
154,15.857664078289114
155,15.763681800975789
156,15.610135191217276
157,15.292084587255507
158,15.099140384559805
159,15.473092235601364
160,15.88582497222478
161,15.761484707707966
162,15.819580721013573
163,15.951156760745485
164,16.183313991813748
165,16.271566789871304
166,15.924606567919474
167,15.818436897738712
168,15.605019822844397
169,15.744317834204816
170,15.88789985891083
171,15.844539563241272
172,15.121756620318187
173,15.204563034487677
174,15.052674387998723
175,15.043583490699332
176,15.011975881283178
177,14.757291014056861
178,14.665828366765565
179,14.756599609595446
180,14.92082020572378
181,15.877358758072162
182,15.689504385993521
183,15.710443800133916
184,15.936478580014894
185,15.758546277491549
186,15.661752009981951
187,15.539605928955078
188,15.455284057773616
189,16.20926964686662
190,16.28596657691404
191,16.764979739240392
192,16.682227786566834
193,16.697546979938988
194,16.467107212767797
195,16.60639039025406
196,16.47268606649043
197,16.508112508518717
198,16.708064402003092
199,16.983054776523463
200,16.898832039759654
201,17.092086509089892
202,17.03881740127019
203,17.38764863893383
204,17.771468870677285
205,17.788399601009747
206,17.723248222853226
207,18.19825095135724
208,18.031798217124102
209,18.315294108936293
210,18.14039028306699
211,18.055897083362222
212,18.18125498540122
213,18.343254580167677
214,18.40289264606416
215,18.638880200109234
216,18.561132394290272
217,18.41466307600771
218,18.739122905428996
219,18.92287760154139
220,19.00612096594527
221,19.211737172227455
222,19.363501711197824
223,19.334241957238508
224,19.067216009643005
225,18.8606916126233
226,19.25228494881034
227,19.154322209609965
228,20.449210590755246
229,20.235916854583802
230,20.018549715315093
231,19.84756688079017
232,20.067946588421965
233,20.174315188084176
234,20.176109311684662
235,19.805152327770063
236,19.88398746057696
237,19.564524655395967
238,19.339198184273968
239,19.32085462814737
240,18.972963050716746
241,18.50656385954046
242,18.724679978280147
243,18.598539591718474
244,18.744720691423616
245,18.64741060605897
246,18.630554912092776
247,18.38551505795689
248,17.658340670544852
249,17.528035515735134
250,17.480211645979498
251,17.433315356340067
252,17.15000170104675
253,16.71814475266532
254,16.743187599352567
255,16.66641766966011
256,16.961040172848236
257,17.124846750872262
258,17.19062234492326
259,17.198630585816435
260,17.37187472956192
261,17.56280358102459
262,17.626271122276556
263,17.49982969588091
264,17.432018157370774
265,17.669863982205015
266,17.799752601308835
267,17.900731605814197
268,17.876837525343312
269,17.748323884169924
270,17.654336327243353
271,17.847145343239784
272,18.560668976970643
273,18.48789463271414
274,19.390547211831993
275,19.629723588211743
276,19.95722631228575
277,20.558871315099477
278,20.902280331984084
279,21.59686056023274
280,21.88377536739306
281,22.243911626335077
282,22.26265377882599
283,22.566140099643988
284,22.22969039768179
285,22.216380370699117
286,22.152388588544756
287,22.148388046306042
288,22.49525015793679
289,22.357084702913472
290,22.40280859915288
291,22.34950944060839
292,22.390178624857665
293,22.42156199682402
294,22.528547039611755
295,22.11781656279598
296,21.970021846915216
297,21.591851127074552
298,22.475771670871325
299,22.480149720585217
300,22.29686133795126
301,21.914744947781823
302,21.976305894097948
303,22.248962840217374
304,22.40092029482243
305,23.220156131261334
306,23.225691384044747
307,23.052417955333897
308,22.616777214192478
309,23.1219353204251
310,23.840925306938342
311,23.399194834647407
312,23.335663924037434
313,23.387157186211326
314,22.972152764236395
315,21.706525041395384
316,21.54277941729572
317,21.485286280559325
318,21.39984061847254
319,21.582671679143004
320,21.549093253670236
321,21.616576070505875
322,21.308831964669512
323,21.086580425781317
324,20.489829482103445
325,20.753840204789146
326,20.90625735843714
327,21.161083664877633
328,23.245497314730773
329,23.50494587285472
330,23.48054419404752
331,23.913581656251456
332,25.624038049801282
333,26.043999057737803
334,26.15817705421991
335,26.482700755798106
336,26.55679357366877
337,26.850426811232214
338,27.010780011727558
339,27.22509594111423
340,26.72560907433522
341,26.56329899412872
342,26.624484513680983
343,26.756833104786978
344,27.174081212901267
345,27.50145122916626
346,27.561467619552577
347,27.695241841989098
348,27.816047882864897
349,27.752410524166233
350,28.228891608264416
351,26.01651422592303
352,26.27933281469502
353,26.56481501053118
354,26.9473059173267
355,26.578683568323722
356,26.455747064860457
357,26.312466163292015
358,26.42619524102461
359,26.192569664605752
360,25.58779690808912
361,33.92780941117137
362,32.85155857759151
363,31.990105107261087
364,31.319388613990245
